image_width: 640
image_height: 480
camera_name: camera
camera_matrix:
  rows: 3
  cols: 3
  data: [603.339844, 0.000000, 325.203901, 0.000000, 606.531431, 263.164360, 0.000000, 0.000000, 1.000000]
distortion_model: plumb_bob
distortion_coefficients:
  rows: 1
  cols: 5
  data: [0.099433, -0.236094, 0.005048, 0.009263, 0.000000]
rectification_matrix:
  rows: 3
  cols: 3
  data: [1.000000, 0.000000, 0.000000, 0.000000, 1.000000, 0.000000, 0.000000, 0.000000, 1.000000]
projection_matrix:
  rows: 3
  cols: 4
  data: [607.982788, 0.000000, 329.631942, 0.000000, 0.000000, 614.324463, 264.555623, 0.000000, 0.000000, 0.000000, 1.000000, 0.000000]
